840 39530
998 35845
1036 26376
842 22110
993 21775
996 21365
1011 15528
1035 15236
1009 11652
1016 10215
1037 10050
771 7705
1038 7314
990 7035
999 6849
997 6485
1013 6365
988 5695
1012 5607
1014 4709
837 4638
1173 4389
1196 4158
991 4146
1193 4021
1198 4020
1189 4017
1190 3995
1175 3936
989 3822
1192 3685
1174 3559
1177 3532
1176 3532
1199 3403
994 3247
772 3024
1195 3015
781 3001
995 2992
1182 2890
1191 2680
1186 2484
984 2345
1194 2345
1166 2298
776 2201
1181 2100
1180 2076
1187 2070
1178 2056
1188 2046
987 2010
839 2010
782 1944
1183 1808
1167 1547
985 1490
1197 1340
1040 1340
769 1178
774 1070
779 1016
768 1010
986 1005
800 976
1052 905
793 904
778 901
804 882
836 879
797 870
803 866
838 865
834 848
833 847
770 847
789 844
785 841
1172 840
835 838
798 837
801 830
802 826
799 826
786 816
788 800
791 798
790 780
794 770
795 752
783 750
787 748
784 731
1165 719
792 670
780 670
843 535
773 501
1184 432
775 429
1015 399
1021 370
809 354
1058 350
1032 335
1018 323
1045 300
693 288
1060 283
982 282
1065 280
1064 242
796 194
841 191
807 165
694 154
1039 151
983 150
704 145
1185 132
691 125
703 124
1010 122
1068 117
1067 115
1066 115
1070 114
1069 113
1072 112
981 110
806 110
1071 110
805 104
808 76
692 75
1020 49
634 38
832 34
1034 23
992 5
633 0
1059 0
