1188 111.925 137.716 2.035 2.05547 0.99993 2.4 1 2.5 0.652459 0.356 0.946808 15 0.61771 0.854449
1187 105.6 137.3 1.92 2.04925 1 2.2 1 2.5 0.649845 0.356 0.946808 17 0.61528 0.832403
1183 120.124 138.182 2.18406 2.06241 0.998234 2 1 2.5 0.611271 0.356 0.946808 19 0.577734 0.948415
1182 123.75 136.345 2.25 2.035 0.998777 1.8 0.8 2.5 0.577693 0.356 0.946808 21 0.437036 1.26512
1189 151.525 171.847 2.755 2.56489 0.994025 1.6 0.7 2.5 0.584966 0.516 1.00433 23 0.40879 1.67919
1190 151.525 178.378 2.755 2.66235 0.991663 1.4 0.6 2.5 0.582513 0.516 1.00433 25 0.348093 2.00812
1191 147.813 188.367 2.6875 2.81145 0.989488 1.2 0.5 2.5 0.55981 0.516 1.00433 27 0.278161 2.55084
1195 132.962 178.008 2.4175 2.65684 0.990018 1.1 0.5 2.5 0.555266 0.516 1.00433 28 0.276051 2.37186
840 452.65 -67 8.23 -1 1.01361 1.9 0.85 1.5 0.434431 0.51 1.00273 28 0.375315 4.07131
1196 170.638 200.915 3.1025 2.99872 0.991058 1.1 0.5 2 0.491507 0.516 1.00433 29 0.244609 3.21842
1197 174.625 207.173 3.175 3.09214 0.99493 1 0.4 2 0.479483 0.516 1.00433 30 0.191646 4.21956
1194 166.65 228.242 3.03 3.40659 0.986062 1 0.4 1.5 0.416218 0.516 1.00433 31 0.164877 5.03727
